-2.0814292e+01   5.6774291e+01   1.1855448e+03
-2.0814259e+01   5.7733649e+01   1.1855682e+03
-2.0814246e+01   5.8692534e+01   1.1855949e+03
-2.0815037e+01   5.9655887e+01   1.1856594e+03
-2.0814947e+01   6.0614325e+01   1.1856832e+03
-2.0814512e+01   6.1572204e+01   1.1856858e+03
-2.0813313e+01   6.2527512e+01   1.1856460e+03
-2.0813095e+01   6.3493172e+01   1.1856330e+03
-2.0813578e+01   6.4449689e+01   1.1857044e+03
-2.0812991e+01   6.5404879e+01   1.1857075e+03
-2.0813076e+01   6.6368501e+01   1.1857238e+03
-2.0812824e+01   6.7325458e+01   1.1857435e+03
-2.0812972e+01   6.8283969e+01   1.1857852e+03
-2.0811954e+01   6.9240248e+01   1.1857541e+03
-2.0811411e+01   7.0195214e+01   1.1857619e+03
-2.0810982e+01   7.1152054e+01   1.1857703e+03
-2.0810264e+01   7.2108814e+01   1.1857585e+03
-2.0810133e+01   7.3068012e+01   1.1857785e+03
-2.0810070e+01   7.4027404e+01   1.1858029e+03
-2.0809819e+01   7.4984534e+01   1.1858236e+03
-2.0809822e+01   7.5943201e+01   1.1858563e+03
-2.0809873e+01   7.6903851e+01   1.1858843e+03
-2.0810830e+01   7.7871235e+01   1.1859498e+03
-2.0810834e+01   7.8833043e+01   1.1859700e+03
-2.0810143e+01   7.9788299e+01   1.1859677e+03
-2.0809747e+01   8.0747424e+01   1.1859704e+03
-2.0809103e+01   8.1706080e+01   1.1859567e+03
-2.0808481e+01   8.2661304e+01   1.1859599e+03
-2.0808680e+01   8.3620625e+01   1.1860066e+03
-2.0808342e+01   8.4577771e+01   1.1860230e+03
-2.0808506e+01   8.5539189e+01   1.1860583e+03
-2.0807451e+01   8.6495221e+01   1.1860258e+03
-2.0807156e+01   8.7454748e+01   1.1860351e+03
-2.0806580e+01   8.8410138e+01   1.1860422e+03
-2.0807021e+01   8.9373792e+01   1.1860893e+03
-2.0807679e+01   9.0338799e+01   1.1861471e+03
-2.0807975e+01   9.1300602e+01   1.1861924e+03
-2.0808836e+01   9.2267373e+01   1.1862586e+03
-2.0809021e+01   9.3227987e+01   1.1863019e+03
-1.9840308e+01   5.0972789e+01   1.1846235e+03
-1.9837870e+01   5.1935756e+01   1.1844628e+03
-1.9836428e+01   5.2895296e+01   1.1843840e+03
-1.9835024e+01   5.3851531e+01   1.1843203e+03
-1.9834285e+01   5.4809586e+01   1.1842958e+03
-1.9834130e+01   5.5765085e+01   1.1843228e+03
-1.9834830e+01   5.6724998e+01   1.1843933e+03
-1.9834984e+01   5.7682050e+01   1.1844368e+03
-1.9835341e+01   5.8641231e+01   1.1844866e+03
-1.9835268e+01   5.9599136e+01   1.1845111e+03
-1.9834954e+01   6.0556820e+01   1.1845194e+03
-1.9834420e+01   6.1515296e+01   1.1845086e+03
-1.9834823e+01   6.2475608e+01   1.1845583e+03
-1.9834232e+01   6.3432451e+01   1.1845503e+03
-1.9834444e+01   6.4389785e+01   1.1845990e+03
-1.9834296e+01   6.5345320e+01   1.1846293e+03
-1.9834379e+01   6.6306674e+01   1.1846523e+03
-1.9834106e+01   6.7262333e+01   1.1846735e+03
-1.9834137e+01   6.8220926e+01   1.1847048e+03
-1.9833291e+01   6.9176389e+01   1.1846844e+03
-1.9832995e+01   7.0132145e+01   1.1847041e+03
-1.9832967e+01   7.1092573e+01   1.1847237e+03
-1.9832378e+01   7.2049266e+01   1.1847174e+03
-1.9831979e+01   7.3005435e+01   1.1847281e+03
-1.9832070e+01   7.3961925e+01   1.1847748e+03
-1.9830552e+01   7.4913331e+01   1.1847215e+03
-1.9830562e+01   7.5872618e+01   1.1847500e+03
-1.9830243e+01   7.6827041e+01   1.1847754e+03
-1.9832287e+01   7.7799513e+01   1.1849020e+03
-1.9832094e+01   7.8759419e+01   1.1849129e+03
-1.9831306e+01   7.9714222e+01   1.1849011e+03
-1.9831420e+01   8.0675176e+01   1.1849315e+03
-1.9830915e+01   8.1632151e+01   1.1849319e+03
-1.9830814e+01   8.2589682e+01   1.1849619e+03
-1.9830857e+01   8.3548408e+01   1.1849981e+03
-1.9830855e+01   8.4507718e+01   1.1850282e+03
-1.9830729e+01   8.5465553e+01   1.1850558e+03
-1.9829753e+01   8.6419553e+01   1.1850336e+03
-1.9829478e+01   8.7377976e+01   1.1850466e+03
-1.9829446e+01   8.8337228e+01   1.1850755e+03
-1.9829728e+01   8.9297994e+01   1.1851231e+03
-1.9829814e+01   9.0258613e+01   1.1851557e+03
-1.9830371e+01   9.1222369e+01   1.1852119e+03
-1.9830869e+01   9.2185820e+01   1.1852651e+03
-1.9830691e+01   9.3143251e+01   1.1852931e+03
-1.8860207e+01   5.0937234e+01   1.1832686e+03
-1.8855489e+01   5.1874426e+01   1.1830302e+03
-1.8851894e+01   5.2813724e+01   1.1828653e+03
-1.8851275e+01   5.3765819e+01   1.1828683e+03
-1.8853170e+01   5.4733096e+01   1.1829965e+03
-1.8851718e+01   5.5682050e+01   1.1829508e+03
-1.8851869e+01   5.6641408e+01   1.1829819e+03
-1.8850776e+01   5.7590524e+01   1.1829627e+03
-1.8854207e+01   5.8567194e+01   1.1831696e+03
-1.8855695e+01   5.9533952e+01   1.1832721e+03
-1.8856395e+01   6.0494258e+01   1.1833429e+03
-1.8857153e+01   6.1457825e+01   1.1834045e+03
-1.8854006e+01   6.2395480e+01   1.1832785e+03
-1.8852565e+01   6.3345741e+01   1.1832286e+03
-1.8852497e+01   6.4303897e+01   1.1832503e+03
-1.8854775e+01   6.5272213e+01   1.1834104e+03
-1.8857255e+01   6.6246064e+01   1.1835625e+03
-1.8857002e+01   6.7200221e+01   1.1835893e+03
-1.8857825e+01   6.8160287e+01   1.1836748e+03
-1.8856614e+01   6.9112776e+01   1.1836339e+03
-1.8856115e+01   7.0068481e+01   1.1836348e+03
-1.8855966e+01   7.1024767e+01   1.1836612e+03
-1.8854072e+01   7.1972233e+01   1.1835886e+03
-1.8854199e+01   7.2931536e+01   1.1836235e+03
-1.8854650e+01   7.3892837e+01   1.1836754e+03
-1.8852727e+01   7.4838909e+01   1.1836067e+03
-1.8852547e+01   7.5795497e+01   1.1836302e+03
-1.8852737e+01   7.6754883e+01   1.1836709e+03
-1.8855816e+01   7.7731641e+01   1.1838664e+03
-1.8855556e+01   7.8687994e+01   1.1838860e+03
-1.8854547e+01   7.9639330e+01   1.1838678e+03
-1.8854827e+01   8.0600505e+01   1.1839090e+03
-1.8855165e+01   8.1560691e+01   1.1839604e+03
-1.8855541e+01   8.2521975e+01   1.1840100e+03
-1.8856156e+01   8.3483462e+01   1.1840795e+03
-1.8855840e+01   8.4441484e+01   1.1840875e+03
-1.8855833e+01   8.5399515e+01   1.1841223e+03
-1.8854621e+01   8.6350813e+01   1.1840882e+03
-1.8854744e+01   8.7310853e+01   1.1841242e+03
-1.8854562e+01   8.8268973e+01   1.1841441e+03
-1.8854694e+01   8.9227534e+01   1.1841896e+03
-1.8855007e+01   9.0188549e+01   1.1842384e+03
-1.8855621e+01   9.1150972e+01   1.1843068e+03
-1.8855701e+01   9.2110168e+01   1.1843458e+03
-1.8855298e+01   9.3067589e+01   1.1843515e+03
-1.7880004e+01   5.0860529e+01   1.1819114e+03
-1.7876993e+01   5.1809930e+01   1.1817344e+03
-1.7876874e+01   5.2768355e+01   1.1817453e+03
-1.7876383e+01   5.3721083e+01   1.1817519e+03
-1.7876142e+01   5.4678346e+01   1.1817584e+03
-1.7875631e+01   5.5630182e+01   1.1817677e+03
-1.7874997e+01   5.6586118e+01   1.1817488e+03
-1.7874949e+01   5.7541078e+01   1.1817815e+03
-1.7875270e+01   5.8496251e+01   1.1818436e+03
-1.7877097e+01   5.9459083e+01   1.1819936e+03
-1.7877578e+01   6.0415996e+01   1.1820621e+03
-1.7876739e+01   6.1371821e+01   1.1820280e+03
-1.7875479e+01   6.2325477e+01   1.1819691e+03
-1.7874872e+01   6.3280412e+01   1.1819578e+03
-1.7875381e+01   6.4237164e+01   1.1820307e+03
-1.7876145e+01   6.5192455e+01   1.1821326e+03
-1.7878177e+01   6.6158324e+01   1.1822911e+03
-1.7878769e+01   6.7116425e+01   1.1823670e+03
-1.7878881e+01   6.8072139e+01   1.1824147e+03
-1.7878656e+01   6.9026958e+01   1.1824385e+03
-1.7879684e+01   6.9990656e+01   1.1825259e+03
-1.7879280e+01   7.0945891e+01   1.1825331e+03
-1.7879597e+01   7.1905948e+01   1.1825786e+03
-1.7879584e+01   7.2865688e+01   1.1825974e+03
-1.7879979e+01   7.3824603e+01   1.1826561e+03
-1.7879602e+01   7.4780889e+01   1.1826613e+03
-1.7879496e+01   7.5736909e+01   1.1826918e+03
-1.7880311e+01   7.6699147e+01   1.1827719e+03
-1.7882090e+01   7.7665998e+01   1.1829142e+03
-1.7881992e+01   7.8623732e+01   1.1829380e+03
-1.7880949e+01   7.9574257e+01   1.1829158e+03
-1.7881046e+01   8.0533541e+01   1.1829495e+03
-1.7881512e+01   8.1494260e+01   1.1830092e+03
-1.7881535e+01   8.2452517e+01   1.1830425e+03
-1.7881761e+01   8.3412251e+01   1.1830868e+03
-1.7881858e+01   8.4371186e+01   1.1831240e+03
-1.7881861e+01   8.5327871e+01   1.1831655e+03
-1.7881403e+01   8.6283961e+01   1.1831678e+03
-1.7881328e+01   8.7241206e+01   1.1831995e+03
-1.7881393e+01   8.8200625e+01   1.1832326e+03
-1.7881497e+01   8.9159549e+01   1.1832725e+03
-1.7881892e+01   9.0120547e+01   1.1833287e+03
-1.7882277e+01   9.1080229e+01   1.1833922e+03
-1.7882445e+01   9.2038868e+01   1.1834416e+03
-1.7882169e+01   9.2996511e+01   1.1834544e+03
-1.6908117e+01   5.0819287e+01   1.1809026e+03
-1.6907120e+01   5.1772020e+01   1.1808635e+03
-1.6906716e+01   5.2728024e+01   1.1808591e+03
-1.6906402e+01   5.3682747e+01   1.1808683e+03
-1.6906120e+01   5.4638143e+01   1.1808773e+03
-1.6906099e+01   5.5593269e+01   1.1809099e+03
-1.6905000e+01   5.6541974e+01   1.1808811e+03
-1.6905252e+01   5.7498611e+01   1.1809306e+03
-1.6905469e+01   5.8454435e+01   1.1809814e+03
-1.6905951e+01   5.9415071e+01   1.1810321e+03
-1.6906019e+01   6.0371654e+01   1.1810670e+03
-1.6906053e+01   6.1329148e+01   1.1810949e+03
-1.6905010e+01   6.2277738e+01   1.1810725e+03
-1.6904781e+01   6.3232173e+01   1.1810928e+03
-1.6904651e+01   6.4187683e+01   1.1811167e+03
-1.6904938e+01   6.5145219e+01   1.1811679e+03
-1.6905786e+01   6.6109775e+01   1.1812338e+03
-1.6905646e+01   6.7064206e+01   1.1812636e+03
-1.6906566e+01   6.8019556e+01   1.1813853e+03
-1.6906958e+01   6.8975619e+01   1.1814563e+03
-1.6907553e+01   6.9934663e+01   1.1815308e+03
-1.6907421e+01   7.0890730e+01   1.1815549e+03
-1.6907928e+01   7.1849441e+01   1.1816242e+03
-1.6908578e+01   7.2811423e+01   1.1816899e+03
-1.6908810e+01   7.3769932e+01   1.1817360e+03
-1.6908571e+01   7.4724806e+01   1.1817581e+03
-1.6908740e+01   7.5681422e+01   1.1818096e+03
-1.6908748e+01   7.6636830e+01   1.1818533e+03
-1.6910196e+01   7.7601496e+01   1.1819830e+03
-1.6910151e+01   7.8559244e+01   1.1820095e+03
-1.6909698e+01   7.9514628e+01   1.1820105e+03
-1.6909906e+01   8.0473334e+01   1.1820567e+03
-1.6910132e+01   8.1432208e+01   1.1821042e+03
-1.6910383e+01   8.2390208e+01   1.1821598e+03
-1.6910480e+01   8.3348847e+01   1.1821971e+03
-1.6910724e+01   8.4307786e+01   1.1822475e+03
-1.6910934e+01   8.5266558e+01   1.1822962e+03
-1.6910522e+01   8.6221731e+01   1.1823047e+03
-1.6910663e+01   8.7180706e+01   1.1823460e+03
-1.6910708e+01   8.8138093e+01   1.1823880e+03
-1.6910840e+01   8.9097017e+01   1.1824298e+03
-1.6910920e+01   9.0055421e+01   1.1824701e+03
-1.6911074e+01   9.1014816e+01   1.1825122e+03
-1.6911321e+01   9.1974447e+01   1.1825631e+03
-1.6911012e+01   9.2929630e+01   1.1825848e+03
-1.5940795e+01   5.0785530e+01   1.1801198e+03
-1.5939655e+01   5.1736046e+01   1.1800730e+03
-1.5938810e+01   5.2689125e+01   1.1800398e+03
-1.5938393e+01   5.3643638e+01   1.1800380e+03
-1.5937959e+01   5.4595938e+01   1.1800459e+03
-1.5936904e+01   5.5545108e+01   1.1800132e+03
-1.5936408e+01   5.6498333e+01   1.1800109e+03
-1.5936530e+01   5.7454044e+01   1.1800530e+03
-1.5936325e+01   5.8408033e+01   1.1800742e+03
-1.5937930e+01   5.9373575e+01   1.1802043e+03
-1.5938085e+01   6.0331273e+01   1.1802405e+03
-1.5937571e+01   6.1283335e+01   1.1802441e+03
-1.5937035e+01   6.2237980e+01   1.1802317e+03
-1.5936519e+01   6.3190747e+01   1.1802314e+03
-1.5936836e+01   6.4147001e+01   1.1802922e+03
-1.5936296e+01   6.5100892e+01   1.1802839e+03
-1.5936223e+01   6.6058381e+01   1.1803009e+03
-1.5936789e+01   6.7016689e+01   1.1803758e+03
-1.5936710e+01   6.7963687e+01   1.1804523e+03
-1.5936826e+01   6.8922283e+01   1.1804829e+03
-1.5937559e+01   6.9882838e+01   1.1805638e+03
-1.5937993e+01   7.0840242e+01   1.1806339e+03
-1.5938336e+01   7.1796284e+01   1.1807036e+03
-1.5939178e+01   7.2758676e+01   1.1807871e+03
-1.5939492e+01   7.3715531e+01   1.1808507e+03
-1.5939884e+01   7.4673150e+01   1.1809185e+03
-1.5939867e+01   7.5628624e+01   1.1809579e+03
-1.5939921e+01   7.6584853e+01   1.1810006e+03
-1.5939459e+01   7.7545396e+01   1.1809637e+03
-1.5940884e+01   7.8501989e+01   1.1811481e+03
-1.5940770e+01   7.9459022e+01   1.1811701e+03
-1.5941098e+01   8.0418050e+01   1.1812266e+03
-1.5941322e+01   8.1375481e+01   1.1812828e+03
-1.5941384e+01   8.2332750e+01   1.1813235e+03
-1.5941337e+01   8.3289923e+01   1.1813534e+03
-1.5941420e+01   8.4247377e+01   1.1813961e+03
-1.5941595e+01   8.5204243e+01   1.1814532e+03
-1.5941454e+01   8.6162261e+01   1.1814687e+03
-1.5941766e+01   8.7120904e+01   1.1815305e+03
-1.5941478e+01   8.8077268e+01   1.1815414e+03
-1.5941495e+01   8.9033975e+01   1.1815845e+03
-1.5941892e+01   8.9993337e+01   1.1816529e+03
-1.5941916e+01   9.0951096e+01   1.1816909e+03
-1.5941929e+01   9.1909614e+01   1.1817229e+03
-1.5941609e+01   9.2865586e+01   1.1817348e+03
-1.4975147e+01   5.0753805e+01   1.1793656e+03
-1.4973666e+01   5.1700264e+01   1.1793003e+03
-1.4972720e+01   5.2653568e+01   1.1792499e+03
-1.4971690e+01   5.3607373e+01   1.1791882e+03
-1.4970645e+01   5.4562674e+01   1.1791161e+03
-1.4970186e+01   5.5513233e+01   1.1791277e+03
-1.4969825e+01   5.6466621e+01   1.1791337e+03
-1.4969552e+01   5.7417683e+01   1.1791616e+03
-1.4970008e+01   5.8375588e+01   1.1792247e+03
-1.4970014e+01   5.9330590e+01   1.1792594e+03
-1.4970338e+01   6.0287393e+01   1.1793166e+03
-1.4970199e+01   6.1240860e+01   1.1793464e+03
-1.4970167e+01   6.2196269e+01   1.1793761e+03
-1.4970361e+01   6.3151671e+01   1.1794297e+03
-1.4970388e+01   6.4106326e+01   1.1794709e+03
-1.4970009e+01   6.5063249e+01   1.1794564e+03
-1.4969733e+01   6.6016305e+01   1.1794761e+03
-1.4970230e+01   6.6975914e+01   1.1795382e+03
-1.4970111e+01   6.7925634e+01   1.1795959e+03
-1.4970192e+01   6.8881892e+01   1.1796354e+03
-1.4970805e+01   6.9838092e+01   1.1797331e+03
-1.4971251e+01   7.0794595e+01   1.1798121e+03
-1.4971213e+01   7.1749677e+01   1.1798481e+03
-1.4971454e+01   7.2706061e+01   1.1799070e+03
-1.4971739e+01   7.3663504e+01   1.1799645e+03
-1.4971872e+01   7.4621287e+01   1.1800037e+03
-1.4971638e+01   7.5574749e+01   1.1800307e+03
-1.4971957e+01   7.6532174e+01   1.1800941e+03
-1.4971613e+01   7.7488504e+01   1.1800904e+03
-1.4972454e+01   7.8446150e+01   1.1802133e+03
-1.4973707e+01   7.9406422e+01   1.1803670e+03
-1.4974027e+01   8.0365332e+01   1.1804242e+03
-1.4974193e+01   8.1322258e+01   1.1804779e+03
-1.4974266e+01   8.2278583e+01   1.1805257e+03
-1.4974145e+01   8.3234553e+01   1.1805537e+03
-1.4974327e+01   8.4192684e+01   1.1806028e+03
-1.4974100e+01   8.5148238e+01   1.1806220e+03
-1.4973805e+01   8.6103821e+01   1.1806331e+03
-1.4974278e+01   8.7062639e+01   1.1807142e+03
-1.4974009e+01   8.8018724e+01   1.1807257e+03
-1.4974102e+01   8.8977015e+01   1.1807656e+03
-1.4974573e+01   8.9933849e+01   1.1808641e+03
-1.4974670e+01   9.0890771e+01   1.1809165e+03
-1.4974222e+01   9.1846151e+01   1.1809129e+03
-1.4973657e+01   9.2801164e+01   1.1808973e+03
-1.4010898e+01   5.0722218e+01   1.1786291e+03
-1.4009538e+01   5.1671487e+01   1.1785511e+03
-1.4008098e+01   5.2625911e+01   1.1784337e+03
-1.4007331e+01   5.3579617e+01   1.1783911e+03
-1.4006708e+01   5.4529328e+01   1.1783875e+03
-1.4006347e+01   5.5481870e+01   1.1783953e+03
-1.4006061e+01   5.6434124e+01   1.1784131e+03
-1.4005879e+01   5.7385816e+01   1.1784459e+03
-1.4005991e+01   5.8340017e+01   1.1784961e+03
-1.4005872e+01   5.9293477e+01   1.1785261e+03
-1.4006130e+01   6.0249457e+01   1.1785825e+03
-1.4006101e+01   6.1206307e+01   1.1786019e+03
-1.4006090e+01   6.2159652e+01   1.1786460e+03
-1.4006069e+01   6.3114266e+01   1.1786814e+03
-1.4006297e+01   6.4070006e+01   1.1787383e+03
-1.4005960e+01   6.5021863e+01   1.1787565e+03
-1.4005640e+01   6.5975155e+01   1.1787676e+03
-1.4005756e+01   6.6929515e+01   1.1788224e+03
-1.4005849e+01   6.7884481e+01   1.1788712e+03
-1.4005902e+01   6.8840986e+01   1.1789054e+03
-1.4006223e+01   6.9795947e+01   1.1789825e+03
-1.4006507e+01   7.0752166e+01   1.1790474e+03
-1.4006827e+01   7.1706726e+01   1.1791292e+03
-1.4007024e+01   7.2663270e+01   1.1791832e+03
-1.4006901e+01   7.3618930e+01   1.1792053e+03
-1.4007057e+01   7.4575709e+01   1.1792538e+03
-1.4006902e+01   7.5528844e+01   1.1792912e+03
-1.4007197e+01   7.6486010e+01   1.1793554e+03
-1.4007138e+01   7.7441659e+01   1.1793875e+03
-1.4007320e+01   7.8398012e+01   1.1794452e+03
-1.4007779e+01   7.9355063e+01   1.1795337e+03
-1.4008155e+01   8.0312037e+01   1.1796133e+03
-1.4008394e+01   8.1268518e+01   1.1796803e+03
-1.4008569e+01   8.2224561e+01   1.1797434e+03
-1.4008581e+01   8.3181879e+01   1.1797762e+03
-1.4008724e+01   8.4138223e+01   1.1798344e+03
-1.4008642e+01   8.5095833e+01   1.1798536e+03
-1.4008681e+01   8.6052795e+01   1.1798945e+03
-1.4008887e+01   8.7010635e+01   1.1799512e+03
-1.4009111e+01   8.7968890e+01   1.1800080e+03
-1.4009327e+01   8.8926982e+01   1.1800660e+03
-1.4009483e+01   8.9884407e+01   1.1801221e+03
-1.4009715e+01   9.0841656e+01   1.1801912e+03
-1.4009808e+01   9.1797612e+01   1.1802531e+03
-1.4009548e+01   9.2752087e+01   1.1802788e+03
-1.3048528e+01   5.0695775e+01   1.1779388e+03
-1.3046427e+01   5.1645313e+01   1.1777627e+03
-1.3045492e+01   5.2595587e+01   1.1777152e+03
-1.3044886e+01   5.3546222e+01   1.1777036e+03
-1.3044551e+01   5.4498261e+01   1.1777146e+03
-1.3044327e+01   5.5450763e+01   1.1777358e+03
-1.3044088e+01   5.6402742e+01   1.1777592e+03
-1.3043838e+01   5.7354457e+01   1.1777835e+03
-1.3043753e+01   5.8307551e+01   1.1778186e+03
-1.3043811e+01   5.9261822e+01   1.1778636e+03
-1.3043662e+01   6.0214196e+01   1.1778970e+03
-1.3043802e+01   6.1171243e+01   1.1779339e+03
-1.3043628e+01   6.2123946e+01   1.1779629e+03
-1.3043643e+01   6.3077297e+01   1.1780113e+03
-1.3043797e+01   6.4034460e+01   1.1780506e+03
-1.3043459e+01   6.4985176e+01   1.1780749e+03
-1.3043335e+01   6.5940061e+01   1.1780963e+03
-1.3043104e+01   6.6891147e+01   1.1781324e+03
-1.3043179e+01   6.7848507e+01   1.1781619e+03
-1.3043202e+01   6.8800618e+01   1.1782245e+03
-1.3043501e+01   6.9756239e+01   1.1782976e+03
-1.3043749e+01   7.0711087e+01   1.1783709e+03
-1.3043893e+01   7.1665539e+01   1.1784346e+03
-1.3043983e+01   7.2620112e+01   1.1784911e+03
-1.3044005e+01   7.3575496e+01   1.1785329e+03
-1.3044114e+01   7.4531741e+01   1.1785803e+03
-1.3044286e+01   7.5489489e+01   1.1786250e+03
-1.3044232e+01   7.6443258e+01   1.1786715e+03
-1.3044298e+01   7.7398913e+01   1.1787199e+03
-1.3044307e+01   7.8353575e+01   1.1787694e+03
-1.3044579e+01   7.9310536e+01   1.1788376e+03
-1.3044643e+01   8.0264574e+01   1.1789021e+03
-1.3044689e+01   8.1220487e+01   1.1789491e+03
-1.3044676e+01   8.2176007e+01   1.1789915e+03
-1.3044903e+01   8.3133097e+01   1.1790563e+03
-1.3044977e+01   8.4090325e+01   1.1790982e+03
-1.3045082e+01   8.5046791e+01   1.1791522e+03
-1.3045542e+01   8.6006395e+01   1.1792320e+03
-1.3045874e+01   8.6964871e+01   1.1793042e+03
-1.3046097e+01   8.7922620e+01   1.1793675e+03
-1.3046193e+01   8.8879209e+01   1.1794233e+03
-1.3046298e+01   8.9835544e+01   1.1794839e+03
-1.3046297e+01   9.0791821e+01   1.1795296e+03
-1.3046472e+01   9.1749623e+01   1.1795892e+03
-1.3046435e+01   9.2704371e+01   1.1796459e+03
-1.2086224e+01   5.0664349e+01   1.1771501e+03
-1.2085118e+01   5.1614065e+01   1.1770766e+03
-1.2084384e+01   5.2564335e+01   1.1770462e+03
-1.2084127e+01   5.3517474e+01   1.1770566e+03
-1.2083829e+01   5.4468344e+01   1.1770781e+03
-1.2083559e+01   5.5419882e+01   1.1770990e+03
-1.2083345e+01   5.6371705e+01   1.1771254e+03
-1.2083127e+01   5.7324000e+01   1.1771484e+03
-1.2083069e+01   5.8276184e+01   1.1771939e+03
-1.2082699e+01   5.9226630e+01   1.1772114e+03
-1.2082714e+01   6.0181319e+01   1.1772488e+03
-1.2082689e+01   6.1135838e+01   1.1772828e+03
-1.2082717e+01   6.2090161e+01   1.1773260e+03
-1.2082584e+01   6.3045054e+01   1.1773430e+03
-1.2082439e+01   6.3997773e+01   1.1773761e+03
-1.2082262e+01   6.4948263e+01   1.1774230e+03
-1.2082046e+01   6.5900453e+01   1.1774515e+03
-1.2081905e+01   6.6854795e+01   1.1774737e+03
-1.2081809e+01   6.7808076e+01   1.1775113e+03
-1.2081983e+01   6.8763049e+01   1.1775749e+03
-1.2082229e+01   6.9717003e+01   1.1776585e+03
-1.2082462e+01   7.0672342e+01   1.1777297e+03
-1.2082390e+01   7.1625179e+01   1.1777784e+03
-1.2082519e+01   7.2580260e+01   1.1778385e+03
-1.2082559e+01   7.3534351e+01   1.1778949e+03
-1.2082578e+01   7.4490703e+01   1.1779289e+03
-1.2082877e+01   7.5448301e+01   1.1779951e+03
-1.2083007e+01   7.6404252e+01   1.1780514e+03
-1.2082963e+01   7.7358753e+01   1.1780948e+03
-1.2082925e+01   7.8312413e+01   1.1781477e+03
-1.2082985e+01   7.9268384e+01   1.1781956e+03
-1.2083191e+01   8.0224353e+01   1.1782677e+03
-1.2083112e+01   8.1177893e+01   1.1783185e+03
-1.2083224e+01   8.2133604e+01   1.1783803e+03
-1.2083458e+01   8.3092550e+01   1.1784313e+03
-1.2083376e+01   8.4047101e+01   1.1784745e+03
-1.2083536e+01   8.5003646e+01   1.1785394e+03
-1.2083661e+01   8.5959951e+01   1.1786018e+03
-1.2083988e+01   8.6918553e+01   1.1786764e+03
-1.2084368e+01   8.7877347e+01   1.1787597e+03
-1.2084326e+01   8.8832213e+01   1.1788122e+03
-1.2084360e+01   8.9788827e+01   1.1788605e+03
-1.2084391e+01   9.0744352e+01   1.1789212e+03
-1.2084551e+01   9.1702278e+01   1.1789800e+03
-1.2085030e+01   9.2662294e+01   1.1790751e+03
-1.1125819e+01   5.0634104e+01   1.1764397e+03
-1.1125182e+01   5.1586010e+01   1.1764027e+03
-1.1125000e+01   5.2538743e+01   1.1764239e+03
-1.1124593e+01   5.3489298e+01   1.1764304e+03
-1.1124244e+01   5.4439937e+01   1.1764448e+03
-1.1123867e+01   5.5389878e+01   1.1764613e+03
-1.1123684e+01   5.6341324e+01   1.1764943e+03
-1.1123465e+01   5.7292009e+01   1.1765290e+03
-1.1123301e+01   5.8243657e+01   1.1765645e+03
-1.1123084e+01   5.9195061e+01   1.1765946e+03
-1.1122902e+01   6.0148141e+01   1.1766163e+03
-1.1123013e+01   6.1103628e+01   1.1766625e+03
-1.1122765e+01   6.2056411e+01   1.1766775e+03
-1.1122803e+01   6.3011485e+01   1.1767171e+03
-1.1122376e+01   6.3959178e+01   1.1767504e+03
-1.1122270e+01   6.4912728e+01   1.1767824e+03
-1.1122187e+01   6.5866244e+01   1.1768189e+03
-1.1122156e+01   6.6821940e+01   1.1768442e+03
-1.1122128e+01   6.7774835e+01   1.1768968e+03
-1.1122163e+01   6.8727094e+01   1.1769668e+03
-1.1122236e+01   6.9680699e+01   1.1770316e+03
-1.1122444e+01   7.0635236e+01   1.1771112e+03
-1.1122311e+01   7.1589607e+01   1.1771361e+03
-1.1122370e+01   7.2544122e+01   1.1771928e+03
-1.1122545e+01   7.3500659e+01   1.1772504e+03
-1.1122723e+01   7.4455420e+01   1.1773275e+03
-1.1122856e+01   7.5412151e+01   1.1773780e+03
-1.1122908e+01   7.6367519e+01   1.1774291e+03
-1.1122930e+01   7.7321540e+01   1.1774903e+03
-1.1122862e+01   7.8275461e+01   1.1775374e+03
-1.1122820e+01   7.9229607e+01   1.1775879e+03
-1.1122894e+01   8.0184644e+01   1.1776512e+03
-1.1122933e+01   8.1138361e+01   1.1777242e+03
-1.1122941e+01   8.2093396e+01   1.1777778e+03
-1.1122764e+01   8.3047564e+01   1.1778071e+03
-1.1123041e+01   8.4005419e+01   1.1778824e+03
-1.1123150e+01   8.4961492e+01   1.1779474e+03
-1.1123381e+01   8.5918725e+01   1.1780241e+03
-1.1123381e+01   8.6873829e+01   1.1780818e+03
-1.1123126e+01   8.7827106e+01   1.1781117e+03
-1.1123294e+01   8.8783849e+01   1.1781862e+03
-1.1123167e+01   8.9738032e+01   1.1782335e+03
-1.1123287e+01   9.0694461e+01   1.1783054e+03
-1.1123233e+01   9.1649669e+01   1.1783575e+03
-1.1123492e+01   9.2608713e+01   1.1784280e+03
-1.0167387e+01   5.0607214e+01   1.1758308e+03
-1.0167102e+01   5.1560175e+01   1.1758319e+03
-1.0166698e+01   5.2510340e+01   1.1758387e+03
-1.0166418e+01   5.3461837e+01   1.1758540e+03
-1.0166044e+01   5.4411868e+01   1.1758675e+03
-1.0165673e+01   5.5361741e+01   1.1758835e+03
-1.0165354e+01   5.6312075e+01   1.1759042e+03
-1.0164996e+01   5.7261710e+01   1.1759255e+03
-1.0164855e+01   5.8214233e+01   1.1759567e+03
-1.0164577e+01   5.9166525e+01   1.1759672e+03
-1.0164260e+01   6.0118721e+01   1.1759720e+03
-1.0164317e+01   6.1071596e+01   1.1760358e+03
-1.0164402e+01   6.2024743e+01   1.1761032e+03
-1.0163991e+01   6.2976169e+01   1.1761006e+03
-1.0163720e+01   6.3927186e+01   1.1761278e+03

